76,-64,0,-10,-5,-6,-6,-5,-5,-6,0,-6,0,-9,1,-10,-5,-64,0,-2,-9,-1,-8,-2,12,-64,0,-1,-9,3,-10,3,-10,1,-6,2,-3,0,-3,-64,0,4,-6,17,-8,-64,0,11,-7,12,-5,12,12,7,10,-64,0,3,-1,4,3,4,3,-64,0,4,-1,8,-2,9,-1,7,2,4,3,-64,-64,,,,,,
94,-64,0,-8,-9,-8,-10,-8,-10,-7,12,-64,0,-7,-9,-1,-11,-64,0,-1,-11,-3,-5,-64,0,-3,-5,-2,0,-64,0,-2,0,-5,-1,-64,0,-1,-6,17,-9,-64,0,10,-7,11,12,-64,0,10,12,10,12,10,12,10,12,10,12,10,12,11,12,7,11,-64,0,1,-1,1,4,-64,0,1,-2,2,-2,6,-3,-64,0,6,-3,6,2,-64,0,6,2,2,3,2,3,-64,-64,,,,,,
84,-64,0,-6,-11,-5,-9,-5,5,-64,0,-9,-1,-1,-4,-64,0,-11,7,-9,8,-2,4,-64,0,7,-13,2,-5,-64,0,2,-5,11,-6,-64,0,11,-8,13,-5,-64,0,3,-2,4,-2,1,2,-64,0,5,0,12,-1,-64,0,-2,5,-2,5,16,4,-64,0,6,0,6,1,6,5,2,12,-3,14,-64,0,6,5,13,14,18,14,-64,-64,,,,,,
84,-64,0,-5,-13,-3,-11,-4,13,-7,10,-64,0,-9,-3,-1,-5,-64,0,-11,6,-2,0,-64,0,8,-12,3,-5,-64,0,3,-5,11,-6,-64,0,11,-8,13,-5,-64,0,3,-3,1,3,-64,0,3,0,11,-1,-64,0,-1,5,14,3,-64,0,7,1,7,5,-64,0,7,5,0,12,-64,0,7,5,13,12,-64,0,13,12,17,12,-64,-64,,,,,,
68,-64,0,-10,-4,-9,5,-64,0,-9,-4,-3,-5,-64,0,-3,-5,-4,0,-64,0,-8,2,-3,2,-64,0,-2,-5,15,-8,-64,0,2,-10,3,-3,-64,0,10,-12,8,-4,-64,0,0,0,13,13,-64,0,13,13,19,12,-64,0,8,-1,6,7,-64,0,6,7,-3,12,-64,-64,,,,,,
86,-64,0,-10,-5,-9,4,-64,0,-9,-5,-3,-6,-64,0,-3,-6,-4,0,-64,0,-8,1,-4,0,-64,0,6,-13,2,-5,-64,0,2,-5,9,-6,-64,0,10,-8,13,-6,-64,0,2,-2,-1,3,-64,0,2,0,11,-1,-64,0,-4,6,16,4,-64,0,5,0,5,7,-64,0,5,7,-3,14,-64,0,6,6,14,14,-64,0,14,14,18,13,-64,-64,,,,,,
74,-64,0,2,-12,5,-10,-64,0,-6,-7,13,-9,-64,0,-3,-3,0,1,-64,0,-2,-3,7,-5,-64,0,7,-5,6,-1,-64,0,0,0,5,-1,-64,0,1,2,-10,11,-64,0,0,3,0,13,-64,0,0,13,5,9,-64,0,9,1,6,5,-64,0,2,2,12,11,-64,0,12,11,18,11,-64,-64,,,,,,
98,-64,0,-4,-9,-8,-2,-64,0,-9,-2,-8,10,-64,0,-8,-1,-2,-2,-64,0,-2,-2,-2,10,-64,0,-8,4,-5,3,-64,0,-7,8,-3,8,-64,0,8,-12,7,-5,-64,0,2,-8,2,-4,-64,0,2,-4,13,-6,-64,0,13,-10,14,-9,-64,0,14,-9,13,-4,-64,0,3,0,12,-1,-64,0,12,-1,10,3,-64,0,3,4,11,4,-64,0,3,4,3,12,8,14,17,12,17,7,-64,-64,,,,,,
132,-64,0,4,-13,7,-11,-64,0,-2,-8,13,-9,-64,0,-2,-8,-2,3,-9,15,-64,0,-8,-5,-5,-1,-64,0,-10,4,-3,2,-64,0,3,-4,4,-1,-64,0,3,-4,11,-5,10,-2,-64,0,5,-1,9,-2,-64,0,0,2,1,6,1,6,-64,0,0,2,6,1,-64,0,6,1,5,5,-64,0,2,5,5,5,-64,0,8,1,9,5,-64,0,9,2,9,1,14,0,-64,0,14,0,13,3,-64,0,10,4,13,3,-64,0,7,6,7,11,-64,0,1,8,2,10,1,13,-64,0,1,13,13,11,-64,0,13,8,13,14,-64,-64,,,,,,
116,-64,0,-3,-13,-1,-12,-1,-7,-64,0,8,-13,5,-7,-64,0,-8,-9,14,-11,-64,0,-5,-6,-2,-3,-64,0,-11,3,-3,1,-64,0,-3,1,-6,12,-64,0,-6,12,-1,8,-64,0,3,-6,4,-1,-64,0,4,-6,11,-7,12,-6,10,-1,-64,0,4,-1,9,-1,-64,0,5,-4,9,-4,-64,0,5,0,-1,5,-64,0,4,2,13,1,15,2,12,15,9,13,-64,0,7,2,4,7,-64,0,7,5,9,7,-64,0,2,6,2,11,-64,0,2,11,9,10,-64,-64,,,,,,
94,-64,0,-2,-11,-8,-1,-8,-1,-64,0,-5,-3,0,-5,-64,0,-3,-2,-4,5,-9,12,-64,0,-11,3,1,1,-64,0,-3,5,0,9,-64,0,11,-11,4,-7,-64,0,7,-8,7,1,-64,0,3,-4,14,-6,-64,0,7,-4,2,1,-64,0,7,-4,13,1,16,1,-64,0,7,2,5,6,15,13,15,13,-64,0,10,3,11,4,7,10,-1,13,-64,0,0,5,18,4,-64,-64,,,,,,
40,-64,0,-9,-5,13,-7,-64,0,-3,-10,-2,-1,-64,0,6,-12,4,-3,-64,0,4,-1,5,0,2,7,-9,13,-64,0,-5,1,2,7,11,14,18,14,-64,-64,,,,,,
98,-64,0,-9,-8,1,-9,1,-9,-64,0,-4,-7,-7,1,-11,7,-64,0,-7,0,-6,8,-64,0,-6,1,-1,0,-64,0,-1,0,-3,4,-64,0,-6,5,-3,4,-64,0,3,-11,4,-3,-64,0,3,-11,14,-12,-64,0,14,-12,11,-5,-64,0,4,-7,9,-8,-64,0,4,-5,10,-5,-64,0,4,-1,12,-3,-64,0,0,3,17,2,-64,0,9,0,10,13,5,12,-64,0,3,5,5,8,-64,-64,,,,,,
82,-64,0,8,-14,-2,-10,-64,0,-3,-7,-1,-5,-64,0,2,-9,3,-6,-64,0,10,-10,6,-6,-64,0,-6,-4,-7,1,-64,0,-6,-3,14,-5,-64,0,14,-4,12,-2,-64,0,2,-1,-2,7,-9,13,-64,0,-4,2,10,0,-64,0,1,5,8,4,-64,0,8,5,3,10,-4,13,-64,0,-1,7,4,10,11,15,17,15,-64,-64,,,,,,
92,-64,0,-8,-8,-2,-10,-64,0,-2,-10,-4,-4,-4,-4,-3,1,-6,-1,-64,0,-8,-7,-8,13,-64,0,2,-9,5,-7,-64,0,12,-11,8,-7,-64,0,2,-4,12,-5,-64,0,5,-1,0,2,-64,0,9,-2,13,0,-64,0,0,4,2,10,-64,0,1,4,14,3,-64,0,14,4,12,9,-64,0,4,5,4,9,-64,0,9,4,8,9,-64,0,-4,11,17,9,-64,-64,,,,,,
112,-64,0,-9,-7,3,-9,-64,0,-6,-11,-5,-3,-64,0,0,-13,-1,-4,-64,0,-5,-3,-1,-4,-64,0,-8,0,-7,4,-64,0,-7,1,0,-1,-64,0,1,-1,0,3,-64,0,-6,3,-1,3,-64,0,-3,-3,-4,14,-64,0,-11,8,1,6,-64,0,7,-11,10,-9,-64,0,4,-5,2,-2,-64,0,4,-4,14,-6,-64,0,14,-6,13,-3,-64,0,7,-2,5,6,-64,0,5,6,14,12,-64,0,11,1,8,8,1,12,-64,0,1,4,18,2,-64,-64,,,,,,
86,-64,0,0,-13,-6,-6,-64,0,0,-11,9,-13,-64,0,0,-7,7,-8,-64,0,-6,-3,11,-5,-64,0,11,-4,9,4,17,14,18,9,-64,0,-1,-2,1,-1,-64,0,-5,0,-6,3,-64,0,-5,1,5,0,-64,0,6,0,4,2,-64,0,0,2,-3,8,-64,0,-2,8,5,13,-64,0,-11,7,7,5,-64,0,3,4,0,10,-6,14,-64,-64,,,,,,
52,-64,0,1,-12,5,-9,-64,0,-3,-6,-5,-1,-64,0,-3,-5,11,-7,-64,0,11,-6,9,-3,-64,0,2,-2,-1,6,-64,0,-1,6,12,14,-64,0,-10,5,17,2,-64,0,7,1,4,9,-5,13,-64,-64,,,,,,
88,-64,0,-3,-11,-6,-4,-11,2,-64,0,-6,-4,-6,13,-64,0,-1,-5,13,-8,-64,0,6,-12,3,-5,-4,4,-64,0,7,-6,14,2,19,2,-64,0,5,-2,6,13,-64,0,6,13,14,13,-64,0,14,13,14,9,-64,0,0,2,1,10,-64,0,0,2,10,1,10,1,-64,0,11,1,10,8,-64,0,3,6,8,5,-64,0,2,9,9,8,-64,-64,,,,,,
72,-64,0,-3,-12,-4,13,-7,9,-64,0,-9,-3,-1,-5,-64,0,-11,6,-1,-1,-64,0,6,-12,9,-9,-64,0,2,-5,1,0,-64,0,2,-4,14,-6,-64,0,14,-5,12,-3,-64,0,7,-2,4,6,-64,0,4,6,14,12,-64,0,-1,4,18,3,-64,0,10,1,7,8,-1,13,-64,-64,,,,,,
92,-64,0,-9,-7,-9,10,-64,0,-8,-7,-3,-8,-64,0,-3,-7,-3,11,-64,0,-8,1,-6,0,-64,0,-8,9,-4,8,-64,0,5,-13,9,-10,-64,0,2,-7,13,-9,-64,0,3,-4,5,-2,-64,0,11,-6,8,-1,-64,0,-1,0,18,-1,-64,0,2,3,3,13,-64,0,3,4,11,3,-64,0,12,3,11,14,-64,0,3,7,8,7,-64,0,3,12,10,11,-64,-64,,,,,,
58,-64,0,4,-13,4,-8,-64,0,-2,-11,-3,-6,-64,0,-3,-6,11,-8,-64,0,13,-12,11,-7,-64,0,-2,-2,12,-4,-64,0,-2,-2,-3,6,-10,13,-64,0,1,1,11,0,-64,0,-2,6,16,5,-64,0,6,1,6,16,-64,-64,,,,,,
84,-64,0,-7,-9,-7,1,-11,11,-64,0,-7,-9,-2,-10,-1,-9,-2,11,-5,9,-64,0,-6,-3,-4,-3,-64,0,-6,2,-4,1,-64,0,6,-12,8,-9,-64,0,2,-6,1,-2,-64,0,2,-5,14,-7,-64,0,14,-6,12,-4,-64,0,7,-3,4,6,-64,0,4,6,14,12,-64,0,10,1,7,8,0,12,-64,0,-1,3,18,1,-64,-64,,,,,,
78,-64,0,1,-14,4,-11,-64,0,-4,-9,-5,-6,-64,0,-4,-9,10,-10,-64,0,10,-10,8,-7,-64,0,1,-8,-2,-2,-64,0,-2,-2,11,2,-64,0,6,-6,2,-1,-6,2,-64,0,-10,-3,16,-5,-64,0,-7,5,11,5,-64,0,3,2,2,16,-64,0,1,6,-9,13,-64,0,4,6,11,13,16,12,-64,-64,,,,,,
78,-64,0,-7,-9,-6,3,-11,13,-64,0,-6,-8,-1,-9,-2,13,-5,10,-64,0,-6,-2,-3,-3,-64,0,-6,3,-4,2,-64,0,6,-12,10,-9,-64,0,2,-4,15,-7,-64,0,4,0,4,5,3,9,0,13,-64,0,5,0,11,-1,-64,0,11,0,9,9,-64,0,9,9,12,13,16,13,18,12,18,7,-64,-64,,,,,,
76,-64,0,-5,-13,-2,-5,-2,-5,-64,0,-4,-12,9,-14,-64,0,9,-14,7,-5,-64,0,-2,-9,4,-10,-64,0,-1,-5,7,-6,-64,0,0,-2,-6,0,-64,0,-7,0,-6,8,-64,0,-6,8,1,3,-64,0,4,-2,4,16,-64,0,5,-2,13,-2,-64,0,14,-2,11,7,-64,0,11,7,8,5,-64,-64,,,,,,
78,-64,0,-3,-7,-2,-2,-64,0,-2,-7,8,-9,-64,0,9,-9,7,-4,-64,0,-8,-2,14,-4,-64,0,3,-14,2,-3,-7,5,-64,0,3,-3,9,3,15,3,-64,0,-4,6,-3,12,-64,0,-3,6,10,4,-64,0,11,4,9,11,-64,0,0,6,1,12,-64,0,5,5,5,11,-64,0,-10,13,17,11,-64,-64,,,,,,
52,-64,0,-8,-6,-5,10,-64,0,-5,10,8,9,-64,0,-6,-6,0,-7,-64,0,0,-6,0,2,-64,0,0,2,6,1,-64,0,6,-8,6,1,-64,0,7,-7,14,-7,-64,0,14,-7,12,10,9,9,-64,-64,,,,,,
72,-64,0,-1,-13,-2,1,-64,0,-6,-6,2,-7,-64,0,-6,-2,2,-4,-64,0,-10,3,2,0,-64,0,9,-12,3,1,-64,0,5,-1,15,-3,-64,0,11,-1,8,7,2,12,-64,0,4,2,12,13,18,13,-64,0,-3,2,-6,9,-11,12,-64,0,-3,4,1,6,-3,14,-5,11,-64,-64,,,,,,
98,-64,0,-2,-13,-2,-1,-64,0,-5,-8,2,-9,-64,0,-5,-5,1,-6,-64,0,-10,0,2,-3,-64,0,-2,0,-10,7,-64,0,-2,0,1,2,-64,0,1,2,-2,7,-4,6,-64,0,7,-12,2,-1,-64,0,4,-5,12,-7,-64,0,9,-3,6,3,1,6,-64,0,3,-1,12,6,17,6,-64,0,-7,9,-8,14,-64,0,-2,9,0,13,-64,0,4,9,6,12,-64,0,10,8,15,13,-64,-64,,,,,,
136,-64,0,-1,-13,-5,-9,-64,0,-6,-9,-5,-3,-64,0,-4,-9,2,-10,-64,0,2,-9,1,-4,-64,0,-5,-7,-1,-7,-64,0,-5,-3,1,-4,-64,0,-2,-3,-11,9,-64,0,-10,1,3,-1,-64,0,-1,2,3,4,-64,0,-3,4,-3,15,-64,0,-7,8,2,7,-64,0,4,-6,9,-6,-64,0,9,-6,8,12,-64,0,8,12,5,10,-64,0,4,-1,6,1,-64,0,2,6,3,7,6,3,-64,0,12,-7,16,-8,-64,0,16,-8,16,13,-64,0,15,13,12,10,-64,0,11,-3,13,-1,-64,0,10,5,12,6,-64,0,12,6,14,2,-64,-64,,,,,,
66,-64,0,-4,-12,-1,-8,-64,0,-10,-2,-1,-4,-64,0,-1,-3,-10,8,-64,0,-3,1,-4,13,-64,0,1,0,-1,2,-64,0,-3,3,0,4,-64,0,12,-10,4,-5,-64,0,8,-5,7,4,0,11,-64,0,3,0,15,-2,-64,0,7,2,15,12,20,12,-64,-64,,,,,,
92,-64,0,-3,-11,-7,-2,-12,3,-64,0,-6,-3,-6,13,-64,0,2,-11,2,0,-64,0,-1,-5,5,-7,-64,0,-1,-2,5,-3,-64,0,-4,2,6,0,-64,0,11,-11,6,-1,-64,0,8,-2,15,-4,-64,0,12,-2,9,7,4,11,-64,0,6,2,14,12,19,12,-64,0,1,2,-4,9,-64,0,1,3,4,5,-64,0,4,6,1,12,-64,0,1,12,-2,11,-64,-64,,,,,,
84,-64,0,3,-14,-3,-8,-64,0,-4,-8,-4,3,-64,0,-2,-8,10,-9,-64,0,10,-9,9,3,-64,0,-1,-6,0,-4,-64,0,7,-7,5,-5,-64,0,3,-7,3,3,-64,0,-1,-3,7,-4,-64,0,2,-3,-1,2,-64,0,5,-1,7,1,-64,0,-11,6,16,5,-64,0,2,3,1,9,-7,14,-64,0,2,6,11,14,17,14,-64,-64,,,,,,
102,-64,0,-9,-3,-11,4,-64,0,-5,-5,-2,-3,-64,0,-6,-12,-6,13,-64,0,7,-14,2,-8,-64,0,1,-8,1,3,-64,0,2,-8,12,-10,-64,0,12,-9,12,1,-64,0,7,-7,7,2,-64,0,3,-6,4,-4,-64,0,10,-6,8,-5,-64,0,3,-2,9,-3,-64,0,7,-2,3,1,-64,0,8,0,10,1,-64,0,-3,6,17,4,-64,0,6,3,6,8,-1,13,-64,0,7,6,13,14,18,13,-64,-64,,,,,,
102,-64,0,-6,-9,-4,-7,-64,0,-8,-3,-6,0,-64,0,-8,11,-4,1,-64,0,6,-13,3,-8,-64,0,0,-8,0,5,-64,0,0,-7,12,-8,-64,0,13,-8,12,3,-64,0,6,-6,6,2,-64,0,3,-5,4,-4,-64,0,9,-6,8,-4,-64,0,2,-2,9,-3,-64,0,6,-2,2,2,-64,0,8,0,10,1,-64,0,-3,6,17,5,-64,0,6,4,4,8,-3,14,-64,0,6,7,12,14,17,14,-64,-64,,,,,,
58,-64,0,-10,-7,13,-10,-64,0,-2,-12,-1,-6,-64,0,7,-14,4,-5,-64,0,-6,-2,-6,8,-1,13,9,14,16,11,15,5,-64,0,-5,-2,7,-4,-64,0,8,-4,6,3,-64,0,1,-2,1,3,-64,0,-5,4,5,3,-64,-64,,,,,,
88,-64,0,-4,-12,-4,12,-8,9,-64,0,-9,-4,-1,-5,-64,0,-12,4,-1,-1,-64,0,1,-8,2,-3,-64,0,2,-8,7,-9,-64,0,7,-8,6,-5,-64,0,2,-3,6,-4,-64,0,3,-2,2,4,-3,8,-64,0,0,1,7,0,-64,0,7,0,4,9,3,8,1,7,-64,0,10,-4,10,5,-64,0,14,-12,14,12,-64,0,14,12,11,10,-64,-64,,,,,,
38,-64,0,-9,-3,0,-5,-64,0,-3,-12,-5,13,-8,10,-64,0,-11,5,0,0,-64,0,5,-2,2,8,-2,10,-64,0,5,-10,14,9,19,10,-64,-64,,,,,,
44,-64,0,-10,-4,-8,5,-64,0,-9,-3,-2,-4,-64,0,-2,-3,-4,2,-64,0,-8,3,-4,2,-64,0,3,-1,-5,10,-64,0,3,-10,15,9,-64,0,15,9,19,9,-64,-64,,,,,,
64,-64,0,-10,-5,-9,4,-64,0,-9,-5,-3,-6,-64,0,-3,-6,-5,1,-64,0,-9,2,-4,1,-64,0,1,-6,1,6,7,10,13,10,17,8,17,3,-64,0,2,-6,12,-8,-64,0,12,-8,10,-2,-64,0,6,-6,5,-1,-64,0,2,0,11,-2,-64,-64,,,,,,
78,-64,0,-3,-12,-6,-5,-9,-2,-64,0,-4,-8,2,-8,-64,0,-3,-6,-1,-4,-64,0,7,-13,2,-5,-64,0,6,-10,13,-11,-64,0,6,-7,9,-5,-64,0,-4,0,7,-2,-64,0,8,-2,6,2,-64,0,1,-1,1,4,-64,0,-4,5,6,3,-64,0,-5,0,-4,11,2,15,6,15,15,12,15,6,-64,-64,,,,,,
16,-64,0,-2,-1,-11,10,-64,0,0,-8,13,9,18,9,-64,-64,,,,,,
74,-64,0,3,-13,6,-10,-64,0,-1,-7,12,-9,-64,0,-3,-7,-3,2,-7,12,-11,14,-64,0,-8,-5,-7,0,-64,0,-11,6,-5,2,-64,0,0,-1,11,-3,-64,0,11,-3,10,2,-64,0,6,-1,6,2,-64,0,1,4,9,2,-64,0,0,-1,1,9,7,13,12,12,16,10,16,6,-64,-64,,,,,,
38,-64,0,-6,-6,7,-9,-64,0,7,-9,6,-2,-64,0,0,-7,0,-1,-64,0,-6,-6,-6,8,2,13,16,9,15,3,-64,0,-5,1,6,-2,-64,-64,,,,,,
70,-64,0,-9,-2,0,-4,-64,0,-3,-13,-4,13,-64,0,-4,13,-7,10,-64,0,-11,6,-1,0,-64,0,1,-4,13,-6,-64,0,6,-12,3,2,-2,9,-64,0,4,1,11,0,-64,0,11,1,8,7,1,11,-64,0,4,3,8,7,13,12,19,12,-64,0,10,-11,13,-9,-64,-64,,,,,,
92,-64,0,-8,-7,-6,-1,-64,0,-8,-7,-1,-8,-64,0,-1,-8,-3,-3,-64,0,-6,-2,-3,-3,-64,0,-4,-1,-4,7,-64,0,-3,2,-1,1,-64,0,-8,2,-8,8,-64,0,-11,10,-1,6,-64,0,1,-3,14,-4,-64,0,6,-12,4,1,-3,11,-64,0,5,1,10,0,-64,0,11,0,8,7,1,12,-64,0,4,3,13,13,18,13,-64,0,11,-10,15,-8,-64,-64,,,,,,
100,-64,0,-9,-6,4,-8,-64,0,-6,-11,-5,-3,-64,0,0,-13,0,-4,-64,0,-5,-3,-1,-3,-64,0,-8,1,-6,4,-64,0,-7,1,1,0,-64,0,1,0,0,2,-64,0,-6,4,0,3,-64,0,-3,-2,-4,13,-64,0,-11,8,2,5,-64,0,4,-4,14,-5,-64,0,14,-5,13,0,-64,0,9,-4,9,0,-64,0,5,2,13,0,-64,0,5,-4,4,6,8,11,15,11,18,9,18,5,-64,-64,,,,,,
66,-64,0,-10,-4,0,-6,-64,0,-3,-12,-3,12,-64,0,-3,12,-7,10,-64,0,-11,7,0,-1,-64,0,3,-5,13,-7,-64,0,13,-6,12,0,-64,0,4,2,12,0,-64,0,7,-4,7,1,-64,0,3,-5,3,8,9,11,18,9,-64,0,18,9,18,4,-64,-64,,,,,,
76,-64,0,-7,-5,1,-7,-64,0,-3,-13,-3,15,-64,0,-6,-1,1,-3,-64,0,-11,3,1,0,-64,0,-4,3,-8,9,-11,11,-64,0,-2,5,1,7,-64,0,3,-4,14,-6,-64,0,14,-6,11,0,-64,0,4,2,11,0,-64,0,8,-5,8,1,-64,0,3,-4,3,8,10,12,17,11,17,5,-64,-64,,,,,,
4,0,0,-64,-64,,,,,,