70,-64,0,-17,-9,-12,2,-12,-10,-7,-9,-8,-3,-11,-4,-12,-5,-12,-5,-12,-5,-11,-5,1,-19,4,-18,1,-12,3,-7,1,-5,-3,-11,-2,8,-1,-1,-1,-1,-1,-1,-64,0,3,-12,21,-16,20,-16,-64,0,5,-5,12,-7,11,0,9,-4,13,-11,16,-8,14,15,14,15,-64,-64,,,,,,
64,-64,0,-10,-16,-1,-20,-4,-12,-3,-3,-9,-10,-9,9,-7,-2,-7,-2,-64,0,-1,-11,20,-15,20,-15,-64,0,4,-7,3,1,3,1,-64,0,4,-7,10,-7,8,-1,8,-1,-64,0,3,0,8,-1,8,-1,-64,0,14,-13,15,14,5,8,5,8,-64,-64,,,,,,
66,-64,0,-12,-2,-2,-8,-2,-8,-64,0,-6,-14,-6,5,-6,4,-64,0,-10,8,0,-2,-1,-2,-64,0,6,-18,8,-17,4,-10,15,-12,9,-8,3,0,14,-4,0,8,20,5,19,5,-64,0,9,0,5,13,1,15,1,15,-64,0,13,10,18,16,18,16,-64,-64,,,,,,
72,-64,0,-10,-5,0,-11,0,-11,-64,0,-2,-18,-2,17,-8,11,-8,11,-64,0,-11,7,0,-2,0,-2,-64,0,8,-18,4,-8,16,-13,13,-8,13,-8,-64,0,6,-4,5,0,14,-3,1,8,20,3,20,3,-64,0,10,0,7,13,3,15,4,14,-64,0,13,10,18,14,19,14,-64,-64,,,,,,
70,-64,0,-13,-5,-10,2,-7,-8,-4,-8,-6,1,-9,0,-8,0,-64,0,-1,-8,6,-12,6,-12,-64,0,1,-16,2,-6,2,-6,-64,0,10,-12,15,-13,15,-13,-64,0,9,-17,6,-6,6,-6,-64,0,7,-5,1,7,-4,9,-4,9,-64,0,-2,-2,13,11,20,11,20,11,-64,-64,,,,,,
66,-64,0,-9,-6,-8,1,-8,1,-64,0,-6,-10,-1,-9,-4,-2,-4,-2,-64,0,-7,-1,-4,-3,-4,-3,-64,0,7,-17,3,-8,13,-11,2,0,10,-3,-2,7,17,1,18,2,18,2,-64,0,7,-2,4,11,1,12,1,12,-64,0,12,7,16,11,16,11,-64,-64,,,,,,
68,-64,0,0,-15,-2,-12,-2,-12,-64,0,-9,-8,8,-11,8,-11,-64,0,-4,-6,-5,1,-5,1,-64,0,-3,-4,5,-6,2,-1,2,-1,-64,0,-7,2,3,0,-10,11,-7,9,-64,0,-1,5,-2,15,0,16,5,9,5,9,-64,0,7,1,2,8,12,11,12,11,-64,-64,,,,,,
78,-64,0,-10,-11,-14,-6,-11,6,-8,-6,-5,-4,-7,10,-11,7,-11,7,-64,0,-10,3,-7,2,-7,2,-64,0,-2,-10,-3,-5,7,-8,7,-8,-64,0,4,-14,3,-7,3,-7,-64,0,9,-12,1,0,8,-2,6,4,6,4,-64,0,-1,6,6,4,5,4,-64,0,-1,6,-1,13,14,14,14,8,14,8,-64,-64,,,,,,
148,-64,0,-1,-17,2,-14,2,-14,-64,0,-12,-10,-7,-9,7,-12,-64,0,-7,-7,-12,13,-15,15,-15,15,-64,0,-14,-3,-12,-1,-16,6,-10,1,-64,0,-3,-5,-1,-1,-2,-2,-64,0,0,-7,5,-8,5,-8,-64,0,5,-8,3,-3,3,-3,-64,0,0,-2,2,-3,2,-3,-64,0,-6,2,-6,7,-6,7,-64,0,-5,3,-1,1,-2,6,-2,5,-64,0,-6,7,-1,5,-2,5,-64,0,3,1,4,6,4,6,-64,0,4,1,9,-1,8,4,8,4,-64,0,5,5,8,4,8,3,-64,0,-4,9,-5,14,8,11,8,11,-64,0,2,7,2,10,2,10,-64,0,8,9,9,13,9,13,-64,-64,,,,,,
108,-64,0,-5,-13,-5,-9,-5,-9,-64,0,-10,-9,6,-13,6,-13,-64,0,3,-17,1,-8,5,-7,5,0,5,0,-64,0,0,-4,0,2,0,2,-64,0,1,-3,5,-4,5,-4,-64,0,0,1,4,0,4,0,-64,0,-6,-4,-15,4,-7,1,-8,14,-5,9,-5,9,-64,0,0,1,-3,5,10,3,7,16,5,14,5,14,-64,0,2,5,1,9,1,9,-64,0,2,7,5,7,5,7,-64,0,-2,7,-1,12,4,10,4,10,-64,-64,,,,,,
108,-64,0,-9,-12,-11,-6,-4,-8,-18,4,-3,-3,-3,-3,-64,0,-8,-5,-12,9,-14,10,-14,10,-64,0,-8,1,-4,3,-4,3,-64,0,6,-14,0,-11,0,-11,-64,0,-1,-5,10,-9,10,-9,-64,0,4,-11,0,0,0,0,-64,0,5,-4,9,-3,9,-3,-64,0,4,-3,2,2,2,2,-64,0,6,-1,9,3,9,3,-64,0,2,1,0,7,14,13,14,13,-64,0,-7,6,14,5,14,5,-64,0,8,2,2,11,-6,10,-64,-64,,,,,,
50,-64,0,-9,-4,-4,-6,6,-8,6,-8,-64,0,-6,-11,-5,-3,-5,-3,-64,0,4,-14,3,-3,0,-4,0,-4,-64,0,2,-1,-5,12,-14,13,-14,13,-64,0,-10,0,7,13,16,16,17,15,-64,-64,,,,,,
94,-64,0,-10,-9,-4,-11,-17,10,-18,7,-18,7,-64,0,-13,-1,-10,7,-10,7,-64,0,-12,0,-5,-1,-6,4,-10,5,-10,5,-64,0,-1,-10,0,-3,0,-3,-64,0,2,-14,10,-14,9,-4,9,-4,-64,0,0,-9,7,-10,1,-4,8,-5,8,-5,-64,0,8,-5,0,-1,8,-2,-3,6,13,2,16,3,16,3,-64,0,8,2,8,15,-1,9,4,7,4,9,4,9,-64,-64,,,,,,
86,-64,0,2,-16,-7,-12,-7,-12,-64,0,-7,-8,-6,-5,-3,-11,-1,-7,1,-11,1,-11,-64,0,4,-11,0,-5,0,-5,-64,0,-11,-4,-14,3,-10,-2,11,-6,12,-3,6,-2,6,-2,-64,0,-8,2,4,-1,4,-2,-64,0,-1,-3,-10,13,-10,13,-64,0,-6,6,3,2,0,12,-4,14,-4,14,-64,0,-6,6,10,15,13,15,13,15,-64,-64,,,,,,
94,-64,0,-11,-10,-6,-13,-8,-7,-8,1,-11,-2,-11,-2,-64,0,-13,-5,-13,11,-11,16,-10,7,-10,7,-64,0,-2,-12,-3,-8,4,-16,6,-13,-2,-4,5,-7,-5,4,3,-1,11,1,10,1,-64,0,-4,6,-2,11,-3,9,-64,0,-3,6,8,4,6,11,6,11,-64,0,0,5,0,11,1,11,-64,0,4,5,2,11,2,11,-64,0,-7,13,11,11,14,13,14,13,-64,-64,,,,,,
126,-64,0,-10,-12,-10,-5,-5,-6,-5,-6,-64,0,-3,-15,-5,-6,-5,-6,-64,0,-14,-8,-1,-11,-1,-11,-64,0,-13,-1,-11,5,-11,5,-64,0,-11,0,-3,-3,-3,-1,-5,2,-5,2,-64,0,-10,4,-6,2,-6,2,-64,0,-7,-4,-8,14,-8,14,-64,0,-15,8,-12,9,-4,5,-4,5,-64,0,0,-6,0,-3,0,-3,-64,0,1,-4,10,-8,11,-5,7,-2,6,-4,6,-4,-64,0,5,-13,6,-11,2,5,13,11,13,11,-64,0,-2,2,13,1,13,1,-64,0,8,0,3,9,-3,11,-3,11,-64,-64,,,,,,
70,-64,0,-6,-17,-7,-12,4,-14,-5,-8,2,-10,-10,-3,7,-7,5,3,9,11,14,12,13,6,13,6,-64,0,-8,1,-9,4,2,-2,1,1,-2,3,-2,3,-64,0,-3,-1,-6,8,3,12,3,12,-64,0,-14,8,4,5,4,5,-64,0,0,5,-5,12,-9,12,-9,12,-64,-64,,,,,,
46,-64,0,-7,-10,-8,-3,7,-13,8,-10,2,-6,2,-6,-64,0,2,-14,-5,6,11,13,11,13,-64,0,-17,4,15,0,15,0,-64,0,2,-4,5,-1,-3,11,-8,13,-8,13,-64,-64,,,,,,
94,-64,0,-8,-11,-15,-1,-13,-3,-64,0,-12,-2,-12,12,-10,4,-10,4,-64,0,-5,-7,6,-11,6,-11,-64,0,1,-16,-6,2,-8,4,-8,4,-64,0,-2,-8,11,2,15,4,15,4,-64,0,-4,1,-3,9,-3,9,-64,0,-3,2,6,-1,5,7,5,7,-64,0,-3,6,4,3,4,3,-64,0,-1,9,5,7,5,7,-64,0,1,-4,1,11,3,13,9,13,9,13,-64,-64,,,,,,
76,-64,0,-13,-3,-4,-7,-5,-7,-64,0,-8,-12,-8,12,-13,9,-13,9,-64,0,-14,6,-6,-2,-6,-2,-64,0,-2,-8,-4,-2,9,-9,10,-6,5,-3,5,-3,-64,0,2,-13,-1,5,8,9,11,11,11,11,-64,0,-8,3,15,1,15,2,15,2,-64,0,6,-1,7,2,-1,11,-5,11,-5,11,-64,-64,,,,,,
92,-64,0,-12,-6,-11,4,-11,4,-64,0,-9,-9,-6,-9,-6,9,-6,9,-64,0,-12,-2,-8,0,-13,8,-8,5,-8,5,-64,0,3,-15,5,-12,4,-12,-64,0,0,-9,8,-10,0,-3,6,-5,-5,2,11,-2,11,-2,-64,0,0,5,0,11,0,10,-64,0,1,5,7,2,7,12,5,11,5,11,-64,0,1,8,5,8,5,8,-64,0,2,12,5,11,5,11,-64,-64,,,,,,
74,-64,0,-1,-18,0,-12,-2,-13,-2,-13,-64,0,-5,-15,-7,-8,4,-12,4,-12,-64,0,8,-16,3,-8,4,-8,-64,0,-8,-5,5,-8,5,-8,-64,0,-7,-3,-13,9,-15,13,-16,11,-16,11,-64,0,-3,-1,5,-3,5,-3,-64,0,-6,5,9,3,9,3,-64,0,2,0,2,15,2,15,-64,-64,,,,,,
78,-64,0,-9,-10,-12,8,-13,11,-13,11,-64,0,-7,-11,-4,-12,-5,11,-8,7,-8,7,-64,0,-9,-4,-6,-3,-10,4,-6,2,-6,2,-64,0,0,-6,-2,-2,11,-8,6,-2,5,-3,5,-3,-64,0,5,-10,0,5,12,11,12,11,-64,0,-3,3,15,2,15,2,-64,0,8,-1,4,9,-1,10,-1,10,-64,-64,,,,,,
90,-64,0,-6,-11,-8,-6,5,-14,8,-10,2,-7,0,-7,0,-7,-64,0,-1,-15,1,-14,-4,-1,8,3,8,3,-64,0,-16,0,10,-5,12,-5,12,-4,-64,0,3,-6,-2,2,-9,3,-9,3,-64,0,-6,7,7,5,7,5,-64,0,-1,2,1,4,0,15,-2,14,-2,14,-64,0,-7,11,-8,13,-3,10,-3,10,-64,0,5,9,9,11,9,12,9,12,-64,-64,,,,,,
84,-64,0,-11,-8,-11,-5,-12,12,-14,13,-14,13,-64,0,-9,-9,-5,-11,-3,-9,-4,14,-9,8,-9,8,-64,0,-10,-3,-7,-3,-10,3,-7,1,-7,1,-64,0,2,-12,6,-9,2,-7,2,-7,-64,0,-3,-2,8,-6,8,-6,-64,0,0,1,-1,10,-2,11,-2,11,-64,0,1,3,7,0,4,10,7,12,13,11,12,5,12,5,-64,-64,,,,,,
74,-64,0,-10,-12,-8,-11,-8,-5,-8,-5,-64,0,-6,-15,5,-16,7,-14,3,-6,3,-6,-64,0,-7,-10,0,-11,-8,-5,3,-6,3,-6,-64,0,-10,-1,-10,7,-4,4,-4,4,-64,0,-10,0,-4,-2,-4,-2,-64,0,0,-3,8,-2,7,7,4,6,4,6,-64,0,1,-1,2,16,2,16,-64,-64,,,,,,
92,-64,0,-7,-8,-5,-3,-5,-3,-64,0,-4,-8,7,-10,2,-4,2,-4,-64,0,-10,-1,9,-4,9,-4,-64,0,0,-14,-1,-3,-6,4,-6,4,-64,0,2,-1,6,2,0,3,0,3,-64,0,-7,6,-6,11,-6,11,-64,0,-4,6,6,5,4,11,4,11,-64,0,-2,7,-3,10,-3,10,-64,0,1,6,0,11,0,11,-64,0,-12,13,10,12,12,14,12,14,-64,-64,,,,,,
50,-64,0,-11,-4,-8,7,-8,7,-64,0,-8,-7,-3,-8,-3,0,2,-2,2,-1,-64,0,3,-10,2,-2,2,-2,-64,0,5,-7,12,-7,8,8,6,5,6,5,-64,0,-7,7,5,5,5,5,-64,-64,,,,,,
98,-64,0,-7,-8,0,-10,0,-10,-64,0,-8,-3,-1,-5,-1,-5,-64,0,-16,6,-1,-3,-1,-3,-64,0,-3,-13,-5,-1,-5,-1,-64,0,-6,1,1,-1,1,-1,-64,0,-4,2,-10,10,-9,8,-64,0,-3,4,1,5,-5,14,-7,12,-7,12,-64,0,4,-13,6,-10,4,-1,11,-5,11,-5,-64,0,6,1,6,6,3,9,1,10,1,10,-64,0,1,4,12,13,16,13,17,13,17,13,-64,-64,,,,,,
82,-64,0,-6,-9,0,-11,-8,-3,-2,-6,-13,3,0,-4,-9,5,-8,5,-64,0,-3,0,-1,3,-4,8,-6,6,-6,6,-64,0,5,-13,2,-3,10,-8,10,-8,-64,0,7,-3,3,4,1,4,1,4,-64,0,0,-1,10,4,11,4,-64,0,-12,11,-11,13,-5,10,-3,12,2,9,5,10,14,9,16,11,11,11,11,11,-64,-64,,,,,,
128,-64,0,-7,-16,-10,-12,-12,-11,-11,-4,-11,-4,-64,0,-9,-13,0,-13,-3,-4,-4,-6,-4,-6,-64,0,-11,-7,-4,-9,-4,-9,-64,0,-10,-4,-4,-5,-4,-5,-64,0,-14,2,-2,-2,-2,-2,-64,0,-8,-3,-12,6,-16,8,-16,8,-64,0,-10,7,-4,6,-4,6,-64,0,-6,2,-6,14,-6,12,-64,0,-3,0,-1,2,-4,3,-4,3,-64,0,3,-7,6,-8,4,9,2,7,2,7,-64,0,1,-1,0,5,3,0,3,0,-64,0,11,-9,15,-7,13,11,8,4,8,-2,11,-2,8,2,12,3,12,3,-64,-64,,,,,,
72,-64,0,-6,-13,-3,-11,-10,-8,-8,-9,-64,0,-16,-3,-11,0,-6,-5,-7,11,-7,11,-64,0,-12,6,-2,-4,-2,-4,-64,0,5,-13,9,-11,1,-7,1,-7,-64,0,-1,0,10,-3,8,-4,8,-4,-64,0,3,-6,2,6,-3,9,-3,9,-64,0,1,1,11,9,18,11,18,11,-64,-64,,,,,,
100,-64,0,-9,-9,-7,-7,-15,2,-15,2,-64,0,-11,0,-11,14,-11,12,-64,0,-3,-7,1,-9,1,-9,-64,0,-4,-1,1,-4,-9,5,1,0,1,0,-64,0,-1,-14,-3,1,-3,1,-64,0,-3,4,-6,10,-5,8,-64,0,-3,5,1,6,-2,14,-4,11,-4,11,-64,0,6,-11,7,-9,2,0,10,-3,10,-3,-64,0,5,1,5,7,2,10,2,10,-64,0,2,5,10,11,17,14,17,13,-64,-64,,,,,,
112,-64,0,0,-16,-5,-11,-5,-11,-64,0,-8,-8,-8,3,-8,3,-64,0,-1,-12,6,-11,6,5,4,2,4,2,-64,0,-5,-7,-4,-4,-2,-7,-2,-7,-64,0,3,-9,0,-5,0,-5,-64,0,-5,-3,3,-4,3,-4,-64,0,-1,-9,0,2,0,2,-64,0,-5,0,-4,3,-3,0,-3,0,-64,0,2,-1,0,3,0,3,-64,0,-15,8,12,4,13,5,13,5,-64,0,-2,4,-5,12,-9,13,-9,11,-9,11,-64,0,4,10,8,15,8,15,-64,-64,,,,,,
118,-64,0,0,-17,-1,-13,-5,-11,-5,-11,-64,0,-7,-9,-8,1,-7,3,-6,1,-6,1,-64,0,-4,-7,-4,-4,-1,-7,-1,-7,-64,0,3,-8,1,-5,1,-5,-64,0,-6,-3,3,-4,3,-4,-64,0,0,-7,-1,3,0,2,-64,0,-5,-1,-5,2,-2,0,-2,0,-64,0,3,-1,2,1,0,3,0,3,-64,0,-1,-11,6,-11,6,5,5,2,5,2,-64,0,-14,7,13,4,14,6,14,6,-64,0,-1,4,-3,11,-8,12,-8,12,-64,0,1,9,8,14,8,14,-64,-64,,,,,,
96,-64,0,-5,-12,-7,13,-7,11,-7,11,-64,0,-11,-5,-15,2,-4,-6,-4,-6,-64,0,3,-14,3,-11,-1,-7,0,3,0,3,-64,0,3,-10,10,-11,11,-9,11,5,10,2,10,2,-64,0,3,-6,8,-8,2,-2,8,-4,2,2,7,-1,-5,8,14,4,16,6,16,6,-64,0,5,-7,5,-2,5,-2,-64,0,4,4,-1,12,-1,12,-64,0,8,8,13,10,14,13,14,13,-64,-64,,,,,,
94,-64,0,-10,-10,-5,-8,-12,-7,-12,-7,-64,0,-12,-5,-10,-1,-10,14,-8,7,-8,7,-64,0,0,-13,2,-11,0,-10,0,-10,-64,0,-1,-8,-2,4,-2,0,-64,0,3,-12,8,-12,9,-9,9,3,7,1,7,1,-64,0,2,-7,6,-8,0,-1,7,-4,2,1,7,-1,-5,7,15,5,15,5,-64,0,4,-7,2,5,-3,13,-2,13,-64,0,8,10,11,12,11,12,-64,-64,,,,,,
66,-64,0,-9,-9,-7,-8,7,-13,7,-13,-64,0,-5,-15,-5,-9,-4,-9,-64,0,4,-17,-1,-6,-8,-2,5,-5,5,-2,4,3,4,3,-64,0,-2,-3,-2,2,-2,2,-64,0,-6,4,4,2,4,2,-64,0,-8,-2,-9,11,-5,13,11,13,12,7,12,7,-64,-64,,,,,,
94,-64,0,-11,-4,-2,-7,-2,-7,-64,0,-6,-12,-7,13,-9,10,-9,10,-64,0,-14,4,-4,0,-4,0,-64,0,-1,-7,-2,-3,-2,-3,-64,0,0,-8,5,-10,3,-4,-2,-2,-2,-2,-64,0,-4,3,4,2,4,8,1,11,-1,10,-1,10,-64,0,1,-1,-1,7,-4,9,-4,9,-64,0,7,-6,7,1,8,-3,8,-3,-64,0,11,-13,12,-11,12,15,8,12,8,12,-64,-64,,,,,,
50,-64,0,-14,-2,-3,-6,-3,-6,-64,0,-7,-13,-7,14,-11,11,-11,11,-64,0,-14,7,-3,-2,-3,-2,-64,0,0,-4,0,-1,-5,6,-5,6,-64,0,2,-8,5,-8,14,7,17,7,17,7,-64,-64,,,,,,
50,-64,0,-16,0,-15,6,-15,6,-64,0,-13,-3,-7,-5,-10,3,-10,3,-64,0,-15,6,-8,2,-8,2,-64,0,-3,-3,-4,2,-7,7,-7,7,-64,0,-1,-10,1,-10,12,7,18,7,18,7,-64,-64,,,,,,
72,-64,0,-11,-5,-8,1,-9,1,-64,0,-8,-6,-4,-8,-4,-2,-5,-1,-64,0,-8,0,-5,-1,-5,-1,-64,0,2,-8,9,-11,12,-9,9,-2,9,-2,-64,0,5,-9,5,-2,5,-3,-64,0,1,0,9,-2,9,-2,-64,0,0,-3,1,0,0,8,5,10,17,10,20,6,20,6,-64,-64,,,,,,
72,-64,0,-6,-13,-6,-9,-10,-5,-4,-8,-3,-7,3,-17,3,-11,10,-13,10,-13,-64,0,7,-10,4,-6,4,-6,-64,0,-8,-3,7,-4,7,0,4,3,4,3,-64,0,0,-1,-1,4,-2,4,-64,0,-6,5,5,3,5,3,-64,0,-6,-1,-7,13,1,14,13,14,13,8,13,8,-64,-64,,,,,,
20,-64,0,-6,-6,-11,3,-11,3,-64,0,12,-5,17,1,12,-1,12,-1,-64,-64,,,,,,
88,-64,0,0,-16,3,-13,3,-13,-64,0,-7,-9,10,-13,10,-13,-64,0,-5,-7,-8,11,-12,14,-12,14,-64,0,-12,-3,-10,-2,-12,-1,-12,-1,-64,0,-14,5,-7,2,-7,2,-64,0,-2,-1,9,-6,12,-4,8,3,8,3,-64,0,5,-2,4,3,4,3,-64,0,-1,5,8,3,8,3,-64,0,-1,-1,-2,10,4,11,14,11,17,6,17,6,-64,-64,,,,,,
46,-64,0,-8,-10,3,-14,7,-11,3,-3,4,-3,-64,0,-2,-9,-2,-4,-2,-4,-64,0,-7,-1,3,-3,3,-3,-64,0,-8,-10,-8,8,-1,10,11,10,13,8,13,2,13,2,-64,-64,,,,,,
78,-64,0,-12,-2,-3,-8,-3,-8,-64,0,-5,-12,-6,14,-10,10,-10,10,-64,0,-11,7,-4,-1,-4,-1,-64,0,0,-3,10,-8,10,-8,-64,0,4,-14,7,-14,-3,11,-2,9,-64,0,10,-11,12,-7,12,-7,-64,0,1,3,8,-1,7,9,1,10,1,10,-64,0,-5,5,5,7,11,12,13,13,13,13,-64,-64,,,,,,
100,-64,0,-11,-9,-10,-3,-10,-3,-64,0,-5,-12,-2,-13,-5,-5,-5,-5,-64,0,-9,-4,-5,-5,-5,-5,-64,0,-9,-2,-11,5,-9,9,-2,4,-2,4,-64,0,-9,-1,-7,3,-5,0,-4,-1,-64,0,1,-4,10,-9,10,-9,-64,0,5,-14,5,-11,-1,10,-1,9,-64,0,3,1,8,-2,9,1,5,8,1,8,1,8,-64,0,3,4,14,12,14,12,-64,0,13,-12,15,-9,15,-7,15,-7,-64,-64,,,,,,
122,-64,0,-10,-12,-9,-5,-9,-5,-64,0,-13,-7,-1,-11,-1,-11,-64,0,-2,-15,-4,-6,-4,-6,-64,0,-8,-4,-5,-6,-5,-6,-64,0,-12,0,-11,4,-11,4,-64,0,-10,1,-1,-3,-5,1,-4,1,-64,0,-10,4,-3,1,-3,1,-64,0,-3,1,-16,10,-1,5,-1,5,-64,0,-6,-4,-7,14,-7,14,-64,0,4,-6,10,-7,12,-5,8,0,9,0,-64,0,6,-4,4,1,4,1,-64,0,1,3,8,0,8,0,-64,0,1,-2,0,8,5,11,12,11,16,10,15,6,15,6,-64,-64,,,,,,
